2024/07/26-16:22:29.694402 7f54adf92380 RocksDB version: 6.15.2
2024/07/26-16:22:29.695139 7f54adf92380 Git sha rocksdb_build_git_sha:@0@
2024/07/26-16:22:29.695151 7f54adf92380 Compile date Apr  2 2022
2024/07/26-16:22:29.696010 7f54adf92380 DB SUMMARY
2024/07/26-16:22:29.696020 7f54adf92380 DB Session ID:  IT16VGSOG7SP9UJOX1CH
2024/07/26-16:22:29.698880 7f54adf92380 CURRENT file:  CURRENT
2024/07/26-16:22:29.698889 7f54adf92380 IDENTITY file:  IDENTITY
2024/07/26-16:22:29.699838 7f54adf92380 MANIFEST file:  MANIFEST-000047 size: 501 Bytes
2024/07/26-16:22:29.699854 7f54adf92380 SST files in /var/lib/milvus/rdb_data_meta_kv dir, Total Num: 4, files: 000031.sst 000034.sst 000040.sst 000046.sst 
2024/07/26-16:22:29.702424 7f54adf92380 Write Ahead Log file in /var/lib/milvus/rdb_data_meta_kv: 000048.log size: 1512964 ; 
2024/07/26-16:22:29.702464 7f54adf92380                         Options.error_if_exists: 0
2024/07/26-16:22:29.703680 7f54adf92380                       Options.create_if_missing: 1
2024/07/26-16:22:29.703687 7f54adf92380                         Options.paranoid_checks: 1
2024/07/26-16:22:29.704393 7f54adf92380                               Options.track_and_verify_wals_in_manifest: 0
2024/07/26-16:22:29.704404 7f54adf92380                                     Options.env: 0x480f820
2024/07/26-16:22:29.704407 7f54adf92380                                      Options.fs: Posix File System
2024/07/26-16:22:29.704409 7f54adf92380                                Options.info_log: 0x6611f90
2024/07/26-16:22:29.704411 7f54adf92380                Options.max_file_opening_threads: 16
2024/07/26-16:22:29.704718 7f54adf92380                              Options.statistics: (nil)
2024/07/26-16:22:29.704726 7f54adf92380                               Options.use_fsync: 0
2024/07/26-16:22:29.704728 7f54adf92380                       Options.max_log_file_size: 0
2024/07/26-16:22:29.704730 7f54adf92380                  Options.max_manifest_file_size: 1073741824
2024/07/26-16:22:29.704732 7f54adf92380                   Options.log_file_time_to_roll: 0
2024/07/26-16:22:29.704733 7f54adf92380                       Options.keep_log_file_num: 1000
2024/07/26-16:22:29.705021 7f54adf92380                    Options.recycle_log_file_num: 0
2024/07/26-16:22:29.705027 7f54adf92380                         Options.allow_fallocate: 1
2024/07/26-16:22:29.705029 7f54adf92380                        Options.allow_mmap_reads: 0
2024/07/26-16:22:29.705031 7f54adf92380                       Options.allow_mmap_writes: 0
2024/07/26-16:22:29.705032 7f54adf92380                        Options.use_direct_reads: 0
2024/07/26-16:22:29.705275 7f54adf92380                        Options.use_direct_io_for_flush_and_compaction: 0
2024/07/26-16:22:29.705280 7f54adf92380          Options.create_missing_column_families: 0
2024/07/26-16:22:29.705282 7f54adf92380                              Options.db_log_dir: 
2024/07/26-16:22:29.705284 7f54adf92380                                 Options.wal_dir: /var/lib/milvus/rdb_data_meta_kv
2024/07/26-16:22:29.705286 7f54adf92380                Options.table_cache_numshardbits: 6
2024/07/26-16:22:29.705496 7f54adf92380                         Options.WAL_ttl_seconds: 0
2024/07/26-16:22:29.705501 7f54adf92380                       Options.WAL_size_limit_MB: 0
2024/07/26-16:22:29.705503 7f54adf92380                        Options.max_write_batch_group_size_bytes: 1048576
2024/07/26-16:22:29.705505 7f54adf92380             Options.manifest_preallocation_size: 4194304
2024/07/26-16:22:29.705506 7f54adf92380                     Options.is_fd_close_on_exec: 1
2024/07/26-16:22:29.705507 7f54adf92380                   Options.advise_random_on_open: 1
2024/07/26-16:22:29.705776 7f54adf92380                    Options.db_write_buffer_size: 0
2024/07/26-16:22:29.705784 7f54adf92380                    Options.write_buffer_manager: 0x661a900
2024/07/26-16:22:29.705786 7f54adf92380         Options.access_hint_on_compaction_start: 1
2024/07/26-16:22:29.705788 7f54adf92380  Options.new_table_reader_for_compaction_inputs: 0
2024/07/26-16:22:29.705790 7f54adf92380           Options.random_access_max_buffer_size: 1048576
2024/07/26-16:22:29.706131 7f54adf92380                      Options.use_adaptive_mutex: 0
2024/07/26-16:22:29.706137 7f54adf92380                            Options.rate_limiter: (nil)
2024/07/26-16:22:29.706141 7f54adf92380     Options.sst_file_manager.rate_bytes_per_sec: 0
2024/07/26-16:22:29.706143 7f54adf92380                       Options.wal_recovery_mode: 2
2024/07/26-16:22:29.706145 7f54adf92380                  Options.enable_thread_tracking: 0
2024/07/26-16:22:29.706147 7f54adf92380                  Options.enable_pipelined_write: 0
2024/07/26-16:22:29.706378 7f54adf92380                  Options.unordered_write: 0
2024/07/26-16:22:29.706383 7f54adf92380         Options.allow_concurrent_memtable_write: 1
2024/07/26-16:22:29.706385 7f54adf92380      Options.enable_write_thread_adaptive_yield: 1
2024/07/26-16:22:29.706386 7f54adf92380             Options.write_thread_max_yield_usec: 100
2024/07/26-16:22:29.706388 7f54adf92380            Options.write_thread_slow_yield_usec: 3
2024/07/26-16:22:29.706389 7f54adf92380                               Options.row_cache: None
2024/07/26-16:22:29.706684 7f54adf92380                              Options.wal_filter: None
2024/07/26-16:22:29.706690 7f54adf92380             Options.avoid_flush_during_recovery: 0
2024/07/26-16:22:29.706692 7f54adf92380             Options.allow_ingest_behind: 0
2024/07/26-16:22:29.706694 7f54adf92380             Options.preserve_deletes: 0
2024/07/26-16:22:29.706695 7f54adf92380             Options.two_write_queues: 0
2024/07/26-16:22:29.706913 7f54adf92380             Options.manual_wal_flush: 0
2024/07/26-16:22:29.706919 7f54adf92380             Options.atomic_flush: 0
2024/07/26-16:22:29.706920 7f54adf92380             Options.avoid_unnecessary_blocking_io: 0
2024/07/26-16:22:29.706922 7f54adf92380                 Options.persist_stats_to_disk: 0
2024/07/26-16:22:29.706923 7f54adf92380                 Options.write_dbid_to_manifest: 0
2024/07/26-16:22:29.706924 7f54adf92380                 Options.log_readahead_size: 0
2024/07/26-16:22:29.707111 7f54adf92380                 Options.file_checksum_gen_factory: Unknown
2024/07/26-16:22:29.707117 7f54adf92380                 Options.best_efforts_recovery: 0
2024/07/26-16:22:29.707119 7f54adf92380                Options.max_bgerror_resume_count: 2147483647
2024/07/26-16:22:29.707120 7f54adf92380            Options.bgerror_resume_retry_interval: 1000000
2024/07/26-16:22:29.707122 7f54adf92380             Options.allow_data_in_errors: 0
2024/07/26-16:22:29.707124 7f54adf92380             Options.db_host_id: __hostname__
2024/07/26-16:22:29.707380 7f54adf92380             Options.max_background_jobs: 1
2024/07/26-16:22:29.707385 7f54adf92380             Options.max_background_compactions: -1
2024/07/26-16:22:29.707386 7f54adf92380             Options.max_subcompactions: 1
2024/07/26-16:22:29.707388 7f54adf92380             Options.avoid_flush_during_shutdown: 0
2024/07/26-16:22:29.707389 7f54adf92380           Options.writable_file_max_buffer_size: 1048576
2024/07/26-16:22:29.707391 7f54adf92380             Options.delayed_write_rate : 16777216
2024/07/26-16:22:29.707592 7f54adf92380             Options.max_total_wal_size: 0
2024/07/26-16:22:29.707597 7f54adf92380             Options.delete_obsolete_files_period_micros: 21600000000
2024/07/26-16:22:29.707599 7f54adf92380                   Options.stats_dump_period_sec: 600
2024/07/26-16:22:29.707601 7f54adf92380                 Options.stats_persist_period_sec: 600
2024/07/26-16:22:29.707603 7f54adf92380                 Options.stats_history_buffer_size: 1048576
2024/07/26-16:22:29.707816 7f54adf92380                          Options.max_open_files: -1
2024/07/26-16:22:29.707823 7f54adf92380                          Options.bytes_per_sync: 0
2024/07/26-16:22:29.707825 7f54adf92380                      Options.wal_bytes_per_sync: 0
2024/07/26-16:22:29.707827 7f54adf92380                   Options.strict_bytes_per_sync: 0
2024/07/26-16:22:29.707829 7f54adf92380       Options.compaction_readahead_size: 0
2024/07/26-16:22:29.707830 7f54adf92380                  Options.max_background_flushes: 1
2024/07/26-16:22:29.708102 7f54adf92380 Compression algorithms supported:
2024/07/26-16:22:29.708108 7f54adf92380 	kZSTDNotFinalCompression supported: 0
2024/07/26-16:22:29.708111 7f54adf92380 	kZSTD supported: 0
2024/07/26-16:22:29.708113 7f54adf92380 	kXpressCompression supported: 0
2024/07/26-16:22:29.708114 7f54adf92380 	kLZ4HCCompression supported: 0
2024/07/26-16:22:29.708116 7f54adf92380 	kLZ4Compression supported: 0
2024/07/26-16:22:29.708117 7f54adf92380 	kBZip2Compression supported: 0
2024/07/26-16:22:29.708349 7f54adf92380 	kZlibCompression supported: 0
2024/07/26-16:22:29.708357 7f54adf92380 	kSnappyCompression supported: 0
2024/07/26-16:22:29.708369 7f54adf92380 Fast CRC32 supported: Supported on x86
2024/07/26-16:22:29.732831 7f54adf92380 [db/version_set.cc:4725] Recovering from manifest file: /var/lib/milvus/rdb_data_meta_kv/MANIFEST-000047
2024/07/26-16:22:29.757748 7f54adf92380 [db/column_family.cc:597] --------------- Options for column family [default]:
2024/07/26-16:22:29.758147 7f54adf92380               Options.comparator: leveldb.BytewiseComparator
2024/07/26-16:22:29.758157 7f54adf92380           Options.merge_operator: None
2024/07/26-16:22:29.758159 7f54adf92380        Options.compaction_filter: None
2024/07/26-16:22:29.758161 7f54adf92380        Options.compaction_filter_factory: None
2024/07/26-16:22:29.758162 7f54adf92380  Options.sst_partitioner_factory: None
2024/07/26-16:22:29.758165 7f54adf92380         Options.memtable_factory: SkipListFactory
2024/07/26-16:22:29.758385 7f54adf92380            Options.table_factory: BlockBasedTable
2024/07/26-16:22:29.762006 7f54adf92380            table_factory options:   flush_block_policy_factory: FlushBlockBySizePolicyFactory (0x661b6d0)
  cache_index_and_filter_blocks: 0
  cache_index_and_filter_blocks_with_high_priority: 1
  pin_l0_filter_and_index_blocks_in_cache: 0
  pin_top_level_index_and_filter: 1
  index_type: 0
  data_block_index_type: 0
  index_shortening: 1
  data_block_hash_table_util_ratio: 0.750000
  hash_index_allow_collision: 1
  checksum: 1
  no_block_cache: 0
  block_cache: 0x6612250
  block_cache_name: LRUCache
  block_cache_options:
    capacity : 1073741824
    num_shard_bits : 6
    strict_capacity_limit : 0
    memory_allocator : None
    high_pri_pool_ratio: 0.500
  block_cache_compressed: (nil)
  persistent_cache: (nil)
  block_size: 4096
  block_size_deviation: 10
  block_restart_interval: 16
  index_block_restart_interval: 1
  metadata_block_size: 4096
  partition_filters: 0
  use_delta_encoding: 1
  filter_policy: nullptr
  whole_key_filtering: 1
  verify_compression: 0
  read_amp_bytes_per_bit: 0
  format_version: 4
  enable_index_compression: 1
  block_align: 0
2024/07/26-16:22:29.763128 7f54adf92380        Options.write_buffer_size: 67108864
2024/07/26-16:22:29.763191 7f54adf92380  Options.max_write_buffer_number: 2
2024/07/26-16:22:29.763357 7f54adf92380          Options.compression: NoCompression
2024/07/26-16:22:29.763363 7f54adf92380                  Options.bottommost_compression: Disabled
2024/07/26-16:22:29.764036 7f54adf92380       Options.prefix_extractor: nullptr
2024/07/26-16:22:29.764044 7f54adf92380   Options.memtable_insert_with_hint_prefix_extractor: nullptr
2024/07/26-16:22:29.764046 7f54adf92380             Options.num_levels: 7
2024/07/26-16:22:29.764047 7f54adf92380        Options.min_write_buffer_number_to_merge: 1
2024/07/26-16:22:29.764049 7f54adf92380     Options.max_write_buffer_number_to_maintain: 0
2024/07/26-16:22:29.764050 7f54adf92380     Options.max_write_buffer_size_to_maintain: 0
2024/07/26-16:22:29.764328 7f54adf92380            Options.bottommost_compression_opts.window_bits: -14
2024/07/26-16:22:29.764335 7f54adf92380                  Options.bottommost_compression_opts.level: 32767
2024/07/26-16:22:29.764337 7f54adf92380               Options.bottommost_compression_opts.strategy: 0
2024/07/26-16:22:29.764339 7f54adf92380         Options.bottommost_compression_opts.max_dict_bytes: 0
2024/07/26-16:22:29.764341 7f54adf92380         Options.bottommost_compression_opts.zstd_max_train_bytes: 0
2024/07/26-16:22:29.764672 7f54adf92380         Options.bottommost_compression_opts.parallel_threads: 1
2024/07/26-16:22:29.764677 7f54adf92380                  Options.bottommost_compression_opts.enabled: false
2024/07/26-16:22:29.764679 7f54adf92380            Options.compression_opts.window_bits: -14
2024/07/26-16:22:29.764681 7f54adf92380                  Options.compression_opts.level: 32767
2024/07/26-16:22:29.764683 7f54adf92380               Options.compression_opts.strategy: 0
2024/07/26-16:22:29.765255 7f54adf92380         Options.compression_opts.max_dict_bytes: 0
2024/07/26-16:22:29.765261 7f54adf92380         Options.compression_opts.zstd_max_train_bytes: 0
2024/07/26-16:22:29.765263 7f54adf92380         Options.compression_opts.parallel_threads: 1
2024/07/26-16:22:29.765265 7f54adf92380                  Options.compression_opts.enabled: false
2024/07/26-16:22:29.765267 7f54adf92380      Options.level0_file_num_compaction_trigger: 4
2024/07/26-16:22:29.765831 7f54adf92380          Options.level0_slowdown_writes_trigger: 20
2024/07/26-16:22:29.765837 7f54adf92380              Options.level0_stop_writes_trigger: 36
2024/07/26-16:22:29.765838 7f54adf92380                   Options.target_file_size_base: 67108864
2024/07/26-16:22:29.765840 7f54adf92380             Options.target_file_size_multiplier: 1
2024/07/26-16:22:29.765841 7f54adf92380                Options.max_bytes_for_level_base: 268435456
2024/07/26-16:22:29.765842 7f54adf92380 Options.level_compaction_dynamic_level_bytes: 0
2024/07/26-16:22:29.766108 7f54adf92380          Options.max_bytes_for_level_multiplier: 10.000000
2024/07/26-16:22:29.766175 7f54adf92380 Options.max_bytes_for_level_multiplier_addtl[0]: 1
2024/07/26-16:22:29.766179 7f54adf92380 Options.max_bytes_for_level_multiplier_addtl[1]: 1
2024/07/26-16:22:29.766181 7f54adf92380 Options.max_bytes_for_level_multiplier_addtl[2]: 1
2024/07/26-16:22:29.766182 7f54adf92380 Options.max_bytes_for_level_multiplier_addtl[3]: 1
2024/07/26-16:22:29.769948 7f54adf92380 Options.max_bytes_for_level_multiplier_addtl[4]: 1
2024/07/26-16:22:29.769968 7f54adf92380 Options.max_bytes_for_level_multiplier_addtl[5]: 1
2024/07/26-16:22:29.769970 7f54adf92380 Options.max_bytes_for_level_multiplier_addtl[6]: 1
2024/07/26-16:22:29.769971 7f54adf92380       Options.max_sequential_skip_in_iterations: 8
2024/07/26-16:22:29.769973 7f54adf92380                    Options.max_compaction_bytes: 1677721600
2024/07/26-16:22:29.769974 7f54adf92380                        Options.arena_block_size: 8388608
2024/07/26-16:22:29.770865 7f54adf92380   Options.soft_pending_compaction_bytes_limit: 68719476736
2024/07/26-16:22:29.770879 7f54adf92380   Options.hard_pending_compaction_bytes_limit: 274877906944
2024/07/26-16:22:29.770881 7f54adf92380       Options.rate_limit_delay_max_milliseconds: 100
2024/07/26-16:22:29.770883 7f54adf92380                Options.disable_auto_compactions: 0
2024/07/26-16:22:29.770890 7f54adf92380                        Options.compaction_style: kCompactionStyleLevel
2024/07/26-16:22:29.771309 7f54adf92380                          Options.compaction_pri: kMinOverlappingRatio
2024/07/26-16:22:29.771315 7f54adf92380 Options.compaction_options_universal.size_ratio: 1
2024/07/26-16:22:29.771317 7f54adf92380 Options.compaction_options_universal.min_merge_width: 2
2024/07/26-16:22:29.771318 7f54adf92380 Options.compaction_options_universal.max_merge_width: 4294967295
2024/07/26-16:22:29.771320 7f54adf92380 Options.compaction_options_universal.max_size_amplification_percent: 200
2024/07/26-16:22:29.771635 7f54adf92380 Options.compaction_options_universal.compression_size_percent: -1
2024/07/26-16:22:29.771641 7f54adf92380 Options.compaction_options_universal.stop_style: kCompactionStopStyleTotalSize
2024/07/26-16:22:29.771643 7f54adf92380 Options.compaction_options_fifo.max_table_files_size: 1073741824
2024/07/26-16:22:29.771645 7f54adf92380 Options.compaction_options_fifo.allow_compaction: 0
2024/07/26-16:22:29.771660 7f54adf92380                   Options.table_properties_collectors: 
2024/07/26-16:22:29.771986 7f54adf92380                   Options.inplace_update_support: 0
2024/07/26-16:22:29.771991 7f54adf92380                 Options.inplace_update_num_locks: 10000
2024/07/26-16:22:29.771993 7f54adf92380               Options.memtable_prefix_bloom_size_ratio: 0.000000
2024/07/26-16:22:29.772000 7f54adf92380               Options.memtable_whole_key_filtering: 0
2024/07/26-16:22:29.772002 7f54adf92380   Options.memtable_huge_page_size: 0
2024/07/26-16:22:29.772004 7f54adf92380                           Options.bloom_locality: 0
2024/07/26-16:22:29.772458 7f54adf92380                    Options.max_successive_merges: 0
2024/07/26-16:22:29.772464 7f54adf92380                Options.optimize_filters_for_hits: 0
2024/07/26-16:22:29.772465 7f54adf92380                Options.paranoid_file_checks: 0
2024/07/26-16:22:29.772467 7f54adf92380                Options.force_consistency_checks: 1
2024/07/26-16:22:29.772469 7f54adf92380                Options.report_bg_io_stats: 0
2024/07/26-16:22:29.772868 7f54adf92380                               Options.ttl: 2592000
2024/07/26-16:22:29.772873 7f54adf92380          Options.periodic_compaction_seconds: 0
2024/07/26-16:22:29.772875 7f54adf92380                    Options.enable_blob_files: false
2024/07/26-16:22:29.772877 7f54adf92380                        Options.min_blob_size: 0
2024/07/26-16:22:29.772878 7f54adf92380                       Options.blob_file_size: 268435456
2024/07/26-16:22:29.772880 7f54adf92380                Options.blob_compression_type: NoCompression
2024/07/26-16:22:29.774055 7f54adf92380       Options.enable_blob_garbage_collection: false
2024/07/26-16:22:29.774063 7f54adf92380   Options.blob_garbage_collection_age_cutoff: 0.250000
2024/07/26-16:22:29.846806 7f54adf92380 [db/version_set.cc:4773] Recovered from manifest file:/var/lib/milvus/rdb_data_meta_kv/MANIFEST-000047 succeeded,manifest_file_number is 47, next_file_number is 49, last_sequence is 2096175, log_number is 43,prev_log_number is 0,max_column_family is 0,min_log_number_to_keep is 0
2024/07/26-16:22:29.847176 7f54adf92380 [db/version_set.cc:4782] Column family [default] (ID 0), log number is 43
2024/07/26-16:22:29.862020 7f54adf92380 [db/version_set.cc:4083] Creating manifest 51
2024/07/26-16:22:29.928957 7f54adf92380 EVENT_LOG_v1 {"time_micros": 1722010949928941, "job": 1, "event": "recovery_started", "wal_files": [48]}
2024/07/26-16:22:29.929008 7f54adf92380 [db/db_impl/db_impl_open.cc:847] Recovering log #48 mode 2
2024/07/26-16:22:30.170968 7f54adf92380 EVENT_LOG_v1 {"time_micros": 1722010950170912, "cf_name": "default", "job": 1, "event": "table_file_creation", "file_number": 52, "file_size": 1099, "file_checksum": "", "file_checksum_func_name": "Unknown", "table_properties": {"data_size": 224, "index_size": 24, "index_partitions": 0, "top_level_index_size": 0, "index_key_is_user_key": 1, "index_value_is_delta_encoded": 1, "filter_size": 0, "raw_key_size": 290, "raw_average_key_size": 41, "raw_value_size": 51, "raw_average_value_size": 7, "num_data_blocks": 1, "num_entries": 7, "num_deletions": 0, "num_merge_operands": 0, "num_range_deletions": 0, "format_version": 0, "fixed_key_len": 0, "filter_policy": "", "column_family_name": "default", "column_family_id": 0, "comparator": "leveldb.BytewiseComparator", "merge_operator": "nullptr", "prefix_extractor_name": "nullptr", "property_collectors": "[]", "compression": "NoCompression", "compression_options": "window_bits=-14; level=32767; strategy=0; max_dict_bytes=0; zstd_max_train_bytes=0; enabled=0; ", "creation_time": 1722010950, "oldest_key_time": 0, "file_creation_time": 0, "db_id": "a6db01e3-21c2-4785-bafe-e7fd9917e998", "db_session_id": "IT16VGSOG7SP9UJOX1CH"}}
2024/07/26-16:22:30.182445 7f54adf92380 [db/version_set.cc:4083] Creating manifest 53
2024/07/26-16:22:30.253466 7f54adf92380 EVENT_LOG_v1 {"time_micros": 1722010950253459, "job": 1, "event": "recovery_finished"}
2024/07/26-16:22:30.279620 7f54adf92380 [file/delete_scheduler.cc:73] Deleted file /var/lib/milvus/rdb_data_meta_kv/000048.log immediately, rate_bytes_per_sec 0, total_trash_size 0 max_trash_db_ratio 0.250000
2024/07/26-16:22:30.335131 7f54adf92380 [db/db_impl/db_impl_open.cc:1701] SstFileManager instance 0x6619cf0
2024/07/26-16:22:30.339646 7f545e9b1700 [db/compaction/compaction_job.cc:1884] [default] [JOB 3] Compacting 4@0 + 1@1 files to L1, score 1.00
2024/07/26-16:22:30.339664 7f545e9b1700 [db/compaction/compaction_job.cc:1888] [default] Compaction start summary: Base version 3 Base level 0, inputs: [52(1099B) 46(1099B) 40(1099B) 34(1099B)], [31(1349B)]
2024/07/26-16:22:30.339839 7f545e9b1700 EVENT_LOG_v1 {"time_micros": 1722010950339685, "job": 3, "event": "compaction_started", "compaction_reason": "LevelL0FilesNum", "files_L0": [52, 46, 40, 34], "files_L1": [31], "score": 1, "input_data_size": 5745}
2024/07/26-16:22:30.342928 7f54adf92380 DB pointer 0x661c810
2024/07/26-16:22:30.346750 7f5429ffb700 [db/db_impl/db_impl.cc:902] ------- DUMPING STATS -------
2024/07/26-16:22:30.346784 7f5429ffb700 [db/db_impl/db_impl.cc:903] 
** DB Stats **
Uptime(secs): 0.6 total, 0.6 interval
Cumulative writes: 0 writes, 0 keys, 0 commit groups, 0.0 writes per commit group, ingest: 0.00 GB, 0.00 MB/s
Cumulative WAL: 0 writes, 0 syncs, 0.00 writes per sync, written: 0.00 GB, 0.00 MB/s
Cumulative stall: 00:00:0.000 H:M:S, 0.0 percent
Interval writes: 0 writes, 0 keys, 0 commit groups, 0.0 writes per commit group, ingest: 0.00 MB, 0.00 MB/s
Interval WAL: 0 writes, 0 syncs, 0.00 writes per sync, written: 0.00 MB, 0.00 MB/s
Interval stall: 00:00:0.000 H:M:S, 0.0 percent

** Compaction Stats [default] **
Level    Files   Size     Score Read(GB)  Rn(GB) Rnp1(GB) Write(GB) Wnew(GB) Moved(GB) W-Amp Rd(MB/s) Wr(MB/s) Comp(sec) CompMergeCPU(sec) Comp(cnt) Avg(sec) KeyIn KeyDrop
----------------------------------------------------------------------------------------------------------------------------------------------------------------------------
  L0      4/4    4.29 KB   0.0      0.0     0.0      0.0       0.0      0.0       0.0   1.0      0.0      0.0      0.07              0.00         1    0.068       0      0
  L1      1/1    1.32 KB   0.0      0.0     0.0      0.0       0.0      0.0       0.0   0.0      0.0      0.0      0.00              0.00         0    0.000       0      0
 Sum      5/5    5.61 KB   0.0      0.0     0.0      0.0       0.0      0.0       0.0   1.0      0.0      0.0      0.07              0.00         1    0.068       0      0
 Int      0/0    0.00 KB   0.0      0.0     0.0      0.0       0.0      0.0       0.0   1.0      0.0      0.0      0.07              0.00         1    0.068       0      0

** Compaction Stats [default] **
Priority    Files   Size     Score Read(GB)  Rn(GB) Rnp1(GB) Write(GB) Wnew(GB) Moved(GB) W-Amp Rd(MB/s) Wr(MB/s) Comp(sec) CompMergeCPU(sec) Comp(cnt) Avg(sec) KeyIn KeyDrop
-------------------------------------------------------------------------------------------------------------------------------------------------------------------------------
User      0/0    0.00 KB   0.0      0.0     0.0      0.0       0.0      0.0       0.0   0.0      0.0      0.0      0.07              0.00         1    0.068       0      0
Uptime(secs): 0.6 total, 0.6 interval
Flush(GB): cumulative 0.000, interval 0.000
AddFile(GB): cumulative 0.000, interval 0.000
AddFile(Total Files): cumulative 0, interval 0
AddFile(L0 Files): cumulative 0, interval 0
AddFile(Keys): cumulative 0, interval 0
Cumulative compaction: 0.00 GB write, 0.00 MB/s write, 0.00 GB read, 0.00 MB/s read, 0.1 seconds
Interval compaction: 0.00 GB write, 0.00 MB/s write, 0.00 GB read, 0.00 MB/s read, 0.1 seconds
Stalls(count): 0 level0_slowdown, 0 level0_slowdown_with_compaction, 0 level0_numfiles, 0 level0_numfiles_with_compaction, 0 stop for pending_compaction_bytes, 0 slowdown for pending_compaction_bytes, 0 memtable_compaction, 0 memtable_slowdown, interval 0 total count

** File Read Latency Histogram By Level [default] **

** Compaction Stats [default] **
Level    Files   Size     Score Read(GB)  Rn(GB) Rnp1(GB) Write(GB) Wnew(GB) Moved(GB) W-Amp Rd(MB/s) Wr(MB/s) Comp(sec) CompMergeCPU(sec) Comp(cnt) Avg(sec) KeyIn KeyDrop
----------------------------------------------------------------------------------------------------------------------------------------------------------------------------
  L0      4/4    4.29 KB   0.0      0.0     0.0      0.0       0.0      0.0       0.0   1.0      0.0      0.0      0.07              0.00         1    0.068       0      0
  L1      1/1    1.32 KB   0.0      0.0     0.0      0.0       0.0      0.0       0.0   0.0      0.0      0.0      0.00              0.00         0    0.000       0      0
 Sum      5/5    5.61 KB   0.0      0.0     0.0      0.0       0.0      0.0       0.0   1.0      0.0      0.0      0.07              0.00         1    0.068       0      0
 Int      0/0    0.00 KB   0.0      0.0     0.0      0.0       0.0      0.0       0.0   0.0      0.0      0.0      0.00              0.00         0    0.000       0      0

** Compaction Stats [default] **
Priority    Files   Size     Score Read(GB)  Rn(GB) Rnp1(GB) Write(GB) Wnew(GB) Moved(GB) W-Amp Rd(MB/s) Wr(MB/s) Comp(sec) CompMergeCPU(sec) Comp(cnt) Avg(sec) KeyIn KeyDrop
-------------------------------------------------------------------------------------------------------------------------------------------------------------------------------
User      0/0    0.00 KB   0.0      0.0     0.0      0.0       0.0      0.0       0.0   0.0      0.0      0.0      0.07              0.00         1    0.068       0      0
Uptime(secs): 0.6 total, 0.0 interval
Flush(GB): cumulative 0.000, interval 0.000
AddFile(GB): cumulative 0.000, interval 0.000
AddFile(Total Files): cumulative 0, interval 0
AddFile(L0 Files): cumulative 0, interval 0
AddFile(Keys): cumulative 0, interval 0
Cumulative compaction: 0.00 GB write, 0.00 MB/s write, 0.00 GB read, 0.00 MB/s read, 0.1 seconds
Interval compaction: 0.00 GB write, 0.00 MB/s write, 0.00 GB read, 0.00 MB/s read, 0.0 seconds
Stalls(count): 0 level0_slowdown, 0 level0_slowdown_with_compaction, 0 level0_numfiles, 0 level0_numfiles_with_compaction, 0 stop for pending_compaction_bytes, 0 slowdown for pending_compaction_bytes, 0 memtable_compaction, 0 memtable_slowdown, interval 0 total count

** File Read Latency Histogram By Level [default] **
2024/07/26-16:22:30.352744 7f545e9b1700 [db/compaction/compaction_job.cc:1521] [default] [JOB 3] Generated table #57: 13 keys, 1349 bytes
2024/07/26-16:22:30.352852 7f545e9b1700 EVENT_LOG_v1 {"time_micros": 1722010950352797, "cf_name": "default", "job": 3, "event": "table_file_creation", "file_number": 57, "file_size": 1349, "file_checksum": "", "file_checksum_func_name": "Unknown", "table_properties": {"data_size": 423, "index_size": 52, "index_partitions": 0, "top_level_index_size": 0, "index_key_is_user_key": 1, "index_value_is_delta_encoded": 1, "filter_size": 0, "raw_key_size": 542, "raw_average_key_size": 41, "raw_value_size": 111, "raw_average_value_size": 8, "num_data_blocks": 1, "num_entries": 13, "num_deletions": 0, "num_merge_operands": 0, "num_range_deletions": 0, "format_version": 0, "fixed_key_len": 0, "filter_policy": "", "column_family_name": "default", "column_family_id": 0, "comparator": "leveldb.BytewiseComparator", "merge_operator": "nullptr", "prefix_extractor_name": "nullptr", "property_collectors": "[]", "compression": "NoCompression", "compression_options": "window_bits=-14; level=32767; strategy=0; max_dict_bytes=0; zstd_max_train_bytes=0; enabled=0; ", "creation_time": 1721881411, "oldest_key_time": 0, "file_creation_time": 1722010950, "db_id": "a6db01e3-21c2-4785-bafe-e7fd9917e998", "db_session_id": "IT16VGSOG7SP9UJOX1CH"}}
2024/07/26-16:22:30.367872 7f545e9b1700 [db/compaction/compaction_job.cc:1598] [default] [JOB 3] Compacted 4@0 + 1@1 files to L1 => 1349 bytes
2024/07/26-16:22:30.370389 7f545e9b1700 (Original Log Time 2024/07/26-16:22:30.370024) [db/compaction/compaction_job.cc:830] [default] compacted to: files[0 1 0 0 0 0 0] max score 0.00, MB/sec: 0.4 rd, 0.1 wr, level 1, files in(4, 1) out(1) MB in(0.0, 0.0) out(0.0), read-write-amplify(1.6) write-amplify(0.3) OK, records in: 41, records dropped: 28 output_compression: NoCompression
2024/07/26-16:22:30.370399 7f545e9b1700 (Original Log Time 2024/07/26-16:22:30.370092) EVENT_LOG_v1 {"time_micros": 1722010950370068, "job": 3, "event": "compaction_finished", "compaction_time_micros": 14416, "compaction_time_cpu_micros": 2455, "output_level": 1, "num_output_files": 1, "total_output_size": 1349, "num_input_records": 41, "num_output_records": 13, "num_subcompactions": 1, "output_compression": "NoCompression", "num_single_delete_mismatches": 0, "num_single_delete_fallthrough": 0, "lsm_state": [0, 1, 0, 0, 0, 0, 0]}
2024/07/26-16:22:30.388116 7f545e9b1700 [file/delete_scheduler.cc:73] Deleted file /var/lib/milvus/rdb_data_meta_kv/000052.sst immediately, rate_bytes_per_sec 0, total_trash_size 0 max_trash_db_ratio 0.250000
2024/07/26-16:22:30.388547 7f545e9b1700 EVENT_LOG_v1 {"time_micros": 1722010950388530, "job": 3, "event": "table_file_deletion", "file_number": 52}
2024/07/26-16:22:30.390614 7f545e9b1700 [file/delete_scheduler.cc:73] Deleted file /var/lib/milvus/rdb_data_meta_kv/000046.sst immediately, rate_bytes_per_sec 0, total_trash_size 0 max_trash_db_ratio 0.250000
2024/07/26-16:22:30.390673 7f545e9b1700 EVENT_LOG_v1 {"time_micros": 1722010950390665, "job": 3, "event": "table_file_deletion", "file_number": 46}
2024/07/26-16:22:30.396101 7f545e9b1700 [file/delete_scheduler.cc:73] Deleted file /var/lib/milvus/rdb_data_meta_kv/000040.sst immediately, rate_bytes_per_sec 0, total_trash_size 0 max_trash_db_ratio 0.250000
2024/07/26-16:22:30.396201 7f545e9b1700 EVENT_LOG_v1 {"time_micros": 1722010950396195, "job": 3, "event": "table_file_deletion", "file_number": 40}
2024/07/26-16:22:30.397941 7f545e9b1700 [file/delete_scheduler.cc:73] Deleted file /var/lib/milvus/rdb_data_meta_kv/000034.sst immediately, rate_bytes_per_sec 0, total_trash_size 0 max_trash_db_ratio 0.250000
2024/07/26-16:22:30.398613 7f545e9b1700 EVENT_LOG_v1 {"time_micros": 1722010950398606, "job": 3, "event": "table_file_deletion", "file_number": 34}
2024/07/26-16:22:30.421040 7f545e9b1700 [file/delete_scheduler.cc:73] Deleted file /var/lib/milvus/rdb_data_meta_kv/000031.sst immediately, rate_bytes_per_sec 0, total_trash_size 0 max_trash_db_ratio 0.250000
2024/07/26-16:22:30.421471 7f545e9b1700 EVENT_LOG_v1 {"time_micros": 1722010950421461, "job": 3, "event": "table_file_deletion", "file_number": 31}
2024/07/26-16:32:30.360439 7f5429ffb700 [db/db_impl/db_impl.cc:902] ------- DUMPING STATS -------
2024/07/26-16:32:30.361365 7f5429ffb700 [db/db_impl/db_impl.cc:903] 
** DB Stats **
Uptime(secs): 600.6 total, 600.0 interval
Cumulative writes: 41K writes, 41K keys, 40K commit groups, 1.0 writes per commit group, ingest: 0.00 GB, 0.00 MB/s
Cumulative WAL: 41K writes, 0 syncs, 41165.00 writes per sync, written: 0.00 GB, 0.00 MB/s
Cumulative stall: 00:00:0.000 H:M:S, 0.0 percent
Interval writes: 41K writes, 41K keys, 40K commit groups, 1.0 writes per commit group, ingest: 2.36 MB, 0.00 MB/s
Interval WAL: 41K writes, 0 syncs, 41165.00 writes per sync, written: 0.00 MB, 0.00 MB/s
Interval stall: 00:00:0.000 H:M:S, 0.0 percent

** Compaction Stats [default] **
Level    Files   Size     Score Read(GB)  Rn(GB) Rnp1(GB) Write(GB) Wnew(GB) Moved(GB) W-Amp Rd(MB/s) Wr(MB/s) Comp(sec) CompMergeCPU(sec) Comp(cnt) Avg(sec) KeyIn KeyDrop
----------------------------------------------------------------------------------------------------------------------------------------------------------------------------
  L0      0/0    0.00 KB   0.0      0.0     0.0      0.0       0.0      0.0       0.0   1.0      0.0      0.0      0.07              0.00         1    0.068       0      0
  L1      1/0    1.32 KB   0.0      0.0     0.0      0.0       0.0      0.0       0.0   0.3      0.4      0.1      0.01              0.00         1    0.014      41     28
 Sum      1/0    1.32 KB   0.0      0.0     0.0      0.0       0.0      0.0       0.0   2.2      0.1      0.0      0.08              0.00         2    0.041      41     28
 Int      0/0    0.00 KB   0.0      0.0     0.0      0.0       0.0      0.0       0.0 1349.0      0.4      0.1      0.01              0.00         1    0.014      41     28

** Compaction Stats [default] **
Priority    Files   Size     Score Read(GB)  Rn(GB) Rnp1(GB) Write(GB) Wnew(GB) Moved(GB) W-Amp Rd(MB/s) Wr(MB/s) Comp(sec) CompMergeCPU(sec) Comp(cnt) Avg(sec) KeyIn KeyDrop
-------------------------------------------------------------------------------------------------------------------------------------------------------------------------------
 Low      0/0    0.00 KB   0.0      0.0     0.0      0.0       0.0      0.0       0.0   0.0      0.4      0.1      0.01              0.00         1    0.014      41     28
User      0/0    0.00 KB   0.0      0.0     0.0      0.0       0.0      0.0       0.0   0.0      0.0      0.0      0.07              0.00         1    0.068       0      0
Uptime(secs): 600.6 total, 600.0 interval
Flush(GB): cumulative 0.000, interval 0.000
AddFile(GB): cumulative 0.000, interval 0.000
AddFile(Total Files): cumulative 0, interval 0
AddFile(L0 Files): cumulative 0, interval 0
AddFile(Keys): cumulative 0, interval 0
Cumulative compaction: 0.00 GB write, 0.00 MB/s write, 0.00 GB read, 0.00 MB/s read, 0.1 seconds
Interval compaction: 0.00 GB write, 0.00 MB/s write, 0.00 GB read, 0.00 MB/s read, 0.0 seconds
Stalls(count): 0 level0_slowdown, 0 level0_slowdown_with_compaction, 0 level0_numfiles, 0 level0_numfiles_with_compaction, 0 stop for pending_compaction_bytes, 0 slowdown for pending_compaction_bytes, 0 memtable_compaction, 0 memtable_slowdown, interval 0 total count

** File Read Latency Histogram By Level [default] **

** Compaction Stats [default] **
Level    Files   Size     Score Read(GB)  Rn(GB) Rnp1(GB) Write(GB) Wnew(GB) Moved(GB) W-Amp Rd(MB/s) Wr(MB/s) Comp(sec) CompMergeCPU(sec) Comp(cnt) Avg(sec) KeyIn KeyDrop
----------------------------------------------------------------------------------------------------------------------------------------------------------------------------
  L0      0/0    0.00 KB   0.0      0.0     0.0      0.0       0.0      0.0       0.0   1.0      0.0      0.0      0.07              0.00         1    0.068       0      0
  L1      1/0    1.32 KB   0.0      0.0     0.0      0.0       0.0      0.0       0.0   0.3      0.4      0.1      0.01              0.00         1    0.014      41     28
 Sum      1/0    1.32 KB   0.0      0.0     0.0      0.0       0.0      0.0       0.0   2.2      0.1      0.0      0.08              0.00         2    0.041      41     28
 Int      0/0    0.00 KB   0.0      0.0     0.0      0.0       0.0      0.0       0.0   0.0      0.0      0.0      0.00              0.00         0    0.000       0      0

** Compaction Stats [default] **
Priority    Files   Size     Score Read(GB)  Rn(GB) Rnp1(GB) Write(GB) Wnew(GB) Moved(GB) W-Amp Rd(MB/s) Wr(MB/s) Comp(sec) CompMergeCPU(sec) Comp(cnt) Avg(sec) KeyIn KeyDrop
-------------------------------------------------------------------------------------------------------------------------------------------------------------------------------
 Low      0/0    0.00 KB   0.0      0.0     0.0      0.0       0.0      0.0       0.0   0.0      0.4      0.1      0.01              0.00         1    0.014      41     28
User      0/0    0.00 KB   0.0      0.0     0.0      0.0       0.0      0.0       0.0   0.0      0.0      0.0      0.07              0.00         1    0.068       0      0
Uptime(secs): 600.6 total, 0.0 interval
Flush(GB): cumulative 0.000, interval 0.000
AddFile(GB): cumulative 0.000, interval 0.000
AddFile(Total Files): cumulative 0, interval 0
AddFile(L0 Files): cumulative 0, interval 0
AddFile(Keys): cumulative 0, interval 0
Cumulative compaction: 0.00 GB write, 0.00 MB/s write, 0.00 GB read, 0.00 MB/s read, 0.1 seconds
Interval compaction: 0.00 GB write, 0.00 MB/s write, 0.00 GB read, 0.00 MB/s read, 0.0 seconds
Stalls(count): 0 level0_slowdown, 0 level0_slowdown_with_compaction, 0 level0_numfiles, 0 level0_numfiles_with_compaction, 0 stop for pending_compaction_bytes, 0 slowdown for pending_compaction_bytes, 0 memtable_compaction, 0 memtable_slowdown, interval 0 total count

** File Read Latency Histogram By Level [default] **
2024/07/26-16:59:38.418162 7f5429ffb700 [db/db_impl/db_impl.cc:902] ------- DUMPING STATS -------
2024/07/26-16:59:38.418261 7f5429ffb700 [db/db_impl/db_impl.cc:903] 
** DB Stats **
Uptime(secs): 2228.7 total, 1628.1 interval
Cumulative writes: 45K writes, 45K keys, 45K commit groups, 1.0 writes per commit group, ingest: 0.00 GB, 0.00 MB/s
Cumulative WAL: 45K writes, 0 syncs, 45803.00 writes per sync, written: 0.00 GB, 0.00 MB/s
Cumulative stall: 00:00:0.000 H:M:S, 0.0 percent
Interval writes: 4638 writes, 4638 keys, 4580 commit groups, 1.0 writes per commit group, ingest: 0.27 MB, 0.00 MB/s
Interval WAL: 4638 writes, 0 syncs, 4638.00 writes per sync, written: 0.00 MB, 0.00 MB/s
Interval stall: 00:00:0.000 H:M:S, 0.0 percent

** Compaction Stats [default] **
Level    Files   Size     Score Read(GB)  Rn(GB) Rnp1(GB) Write(GB) Wnew(GB) Moved(GB) W-Amp Rd(MB/s) Wr(MB/s) Comp(sec) CompMergeCPU(sec) Comp(cnt) Avg(sec) KeyIn KeyDrop
----------------------------------------------------------------------------------------------------------------------------------------------------------------------------
  L0      0/0    0.00 KB   0.0      0.0     0.0      0.0       0.0      0.0       0.0   1.0      0.0      0.0      0.07              0.00         1    0.068       0      0
  L1      1/0    1.32 KB   0.0      0.0     0.0      0.0       0.0      0.0       0.0   0.3      0.4      0.1      0.01              0.00         1    0.014      41     28
 Sum      1/0    1.32 KB   0.0      0.0     0.0      0.0       0.0      0.0       0.0   2.2      0.1      0.0      0.08              0.00         2    0.041      41     28
 Int      0/0    0.00 KB   0.0      0.0     0.0      0.0       0.0      0.0       0.0   0.0      0.0      0.0      0.00              0.00         0    0.000       0      0

** Compaction Stats [default] **
Priority    Files   Size     Score Read(GB)  Rn(GB) Rnp1(GB) Write(GB) Wnew(GB) Moved(GB) W-Amp Rd(MB/s) Wr(MB/s) Comp(sec) CompMergeCPU(sec) Comp(cnt) Avg(sec) KeyIn KeyDrop
-------------------------------------------------------------------------------------------------------------------------------------------------------------------------------
 Low      0/0    0.00 KB   0.0      0.0     0.0      0.0       0.0      0.0       0.0   0.0      0.4      0.1      0.01              0.00         1    0.014      41     28
User      0/0    0.00 KB   0.0      0.0     0.0      0.0       0.0      0.0       0.0   0.0      0.0      0.0      0.07              0.00         1    0.068       0      0
Uptime(secs): 2228.7 total, 1628.1 interval
Flush(GB): cumulative 0.000, interval 0.000
AddFile(GB): cumulative 0.000, interval 0.000
AddFile(Total Files): cumulative 0, interval 0
AddFile(L0 Files): cumulative 0, interval 0
AddFile(Keys): cumulative 0, interval 0
Cumulative compaction: 0.00 GB write, 0.00 MB/s write, 0.00 GB read, 0.00 MB/s read, 0.1 seconds
Interval compaction: 0.00 GB write, 0.00 MB/s write, 0.00 GB read, 0.00 MB/s read, 0.0 seconds
